1000
985739
908472
36167
29153
632424
199873
48420
354924
594815
641512
121636
601220
498706
16418
9928
478498
321614
146354
560972
228664
240913
268053
56572
354916
852728
758365
555408
82764
973182
102032
62725
94816
181510
634515
321636
481025
251195
28645
12452
153063
35963
881251
496318
634540
537374
635248
616401
448729
785103
640019
454936
331066
3355
548653
36368
513567
73024
324936
35122
165556
42103
152181
692143
906466
8335
809670
32141
937631
92620
10721
63610
404042
907722
28910
843542
146436
412608
54165
241463
7723
4900
42159
352081
206354
7482
31430
305678
404907
35813
682017
623078
2881
273027
785301
123521
229198
961330
404351
820323
635832
73581
90451
868602
644105
56624
45720
361537
85492
814830
543025
288678
82462
3680
904413
502513
152528
868777
499848
256420
64710
108099
41128
103485
574271
492025
453056
63485
361525
93263
27442
675873
4506
8072
48342
143030
714937
907470
5494
164001
482836
498256
935306
192667
36945
1672
45827
252421
20932
475989
93625
724265
124549
531909
56118
914057
543397
562818
724856
101812
105145
124556
174544
1063
432703
20972
842476
51881
198283
194638
929333
587473
40716
722081
361410
10208
738990
81168
244864
15429
452528
816985
235876
723225
507594
306464
814563
253568
477503
81184
7288
323224
400113
843230
903200
149794
144525
324556
1051
636321
1692
864238
196663
121733
31825
71293
927402
549449
43353
302525
42576
13413
954782
9056
484887
23215
364514
777992
2163
42351
958353
670028
937635
33612
507046
405317
206083
511669
739058
45646
501091
827423
303423
285630
43618
72257
571971
273665
121249
944186
14819
297021
140792
918648
968306
54350
42381
3699
301564
563616
595580
4018
607717
72940
274481
42281
40247
488443
127218
92724
366281
61072
421014
34954
72301
25306
88172
140438
3458
56153
53627
447060
451349
10350
824198
657898
7143
28493
408245
868295
264287
136157
9656
204378
391456
753800
74521
357723
122030
52303
606892
736797
404840
241263
631049
142516
18270
722056
644828
14010
316435
25712
4748
326318
132305
24641
557086
352732
656844
110374
178054
99753
452125
106456
988281
685063
301363
64486
535880
35330
486327
853857
102463
985798
702766
242816
339559
590756
921577
366427
123634
722415
27638
871769
124530
716273
82752
779638
569518
322040
276318
163170
49915
4219
211697
492066
24854
698516
768768
880587
108166
213014
136343
3480
367787
49915
6740
474739
41854
5036
686833
717834
445500
43102
204227
54106
580163
615670
949499
562527
18118
982093
402542
903933
49030
522
184940
18158
645642
634924
547962
563707
403562
68429
316853
513668
104027
49964
17129
902684
414545
271373
63451
101881
176993
81308
18549
56108
561922
546318
16740
103035
48208
607457
113145
346276
259101
492420
81977
308112
390959
1568
542040
91528
452907
30256
6446
158
462512
484964
311236
967148
102048
32036
150999
82114
43081
241849
7726
74210
474832
387179
173526
33767
141730
142763
363636
84108
361556
409390
64810
484248
107212
256328
881440
59683
540913
6479
777087
609678
356412
17240
191445
45455
20789
541228
2593
25255
584871
8336
771070
563642
64045
544916
36565
321230
37917
153359
914833
642435
954111
283165
307856
235694
924708
135883
42450
255652
306
802790
849834
870737
762066
150099
102515
827860
306427
324810
618807
168896
561620
757735
725392
547281
635464
109423
364063
6863
53518
18856
94830
301010
262024
4024
626716
8772
244514
91263
4807
423642
321512
611290
3366
764860
568
647540
85940
142724
638741
421530
562035
4736
253615
202042
49227
18301
806841
251856
402440
98362
894049
22999
201614
465910
707528
260800
402136
739861
533638
978417
938666
395698
990041
832679
275624
254818
24910
35185
281056
666276
81863
879408
2937
129631
25665
10404
167618
81638
317659
135789
943963
72207
321681
509979
285635
545435
194
164528
982316
364235
445902
71640
21763
744004
482710
1869
979065
516070
398907
10349
793037
253021
500721
494419
45748
94848
365620
871015
459496
422449
271123
902475
721018
44248
217634
93020
72430
760882
135028
117970
56681
184682
223283
322781
634912
453015
25616
53405
25872
981985
368954
675694
586559
642436
85649
496340
302115
26191
38135
351542
57527
15254
264032
253264
7252
271854
813
676834
251627
48145
155649
2802
796290
493554
321616
52718
104216
299706
10133
888441
435571
56288
792435
871588
52542
100690
24525
254550
492751
155298
358552
63401
96367
217216
184
63554
4585
729423
756189
2858
982931
633451
452735
32314
82014
454256
451256
809994
848166
416608
665736
672452
936923
13268
724040
692185
42181
422032
469985
2664
219339
89566
452748
402024
541035
264807
156888
115783
81407
30350
46933
104225
31042
798452
618511
293820
983423
322725
311454
756902
141454
304818
28030
215645
22832
301713
498820
71777
679440
120529
20032
494881
421056
27415
26410
916669
48120
10805
600796
403072
645454
983652
406432
220808
295986
652174
689
280483
62772
482674
127935
217221
816382
658906
81936
22036
43497
670164
822589
35646
213018
711174
3294
752406
157617
87218
723540
86520
762548
351556
15365
818736
281632
876406
631016
28661
564254
618333
361430
361527
973226
162018
2877
251035
87
321028
877632
63279
12792
317097
850818
15532
61442
65627
152341
56056
349542
32948
302564
812732
657719
606151
4522
743992
110537
610184
362321
748775
272763
7108
91430
953053
2848
25155
220571
351214
447917
308197
122883
937797
811435
440611
772427
71630
772564
728583
26345
38250
884421
63408
443512
5127
422814
313373
802770
445157
301242
779270
566372
844835
646233
74698
921017
83220
813423
8915
700221
385354
44180
397253
251228
12355
270981
32162
449188
11620
2920
42300
869497
30161
321281
71472
181061
14359
303081
329791
1647
283264
352881
84820
54472
966576
99
537758
720525
366441
995662
8359
825795
36914
126581
403092
353835
42112
992457
755956
27207
349557
724832
40814
577925
569499
14172
920074
221978
72472
8323
823568
14336
91224
814236
651182
45735
483528
9742
934899
644928
571870
186320
908015
4025
35321
506958
342149
813563
979739
101520
164881
12520
285862
912955
733254
588511
975947
324856
53028
999948
143913
9681
603086
717622
8832
721581
20489
15697
44706
8301
904626
358510
931645
765392
162732
45089
156410
255845
100646
56153
54153
8210
362728
128
62340
45564
913292
234487
983741
634849
68788
322132
42612
93027
28146
401616
94675
324521
84828
8123
177159
650572
587054
145614
644025
919664
25159
609428
358526
352120
683235
256524
6620
820272
654391
907741
18101
558841
401410
449803
100131
573715
141430
12273
498116
92207
721615
45363
494832
503890
418929
925099
305
858065
201572
351640
450740
56942
211649
521736
253225
64915
494030
964377
372589
493530
557869
279411
367650
400925
5521
733827
727224
16638
