10

19
98637 89854 60991 58979 57910 45050 24722 -1637 -17962 -20521 -21066 -21123 -32929 -45203 -45647 -53014 -81930 -97710 -98585

9
-80888 -56070 -43303 -28664 20012 20991 39265 43276 72198

32
4929 -22572 77956 -64382 26857 -84510 -69934 93235 -85159 65591 -41731 79848 27063 -94815 -86587 -54439 -29728 -45317 -13628 -82392 23288 -73123 82551 -39580 -53703 41591 -57747 -68418 53341 5817 83053 38280

4
-93143 -38204 60584 93773

10
-81505 -53707 -41365 -28461 -24149 -13691 18388 27076 31025 56416

14
92801 88759 74152 62261 41078 39914 19786 -2004 -18067 -20670 -43428 -49139 -66670 -69020

43
-97796 -93515 -91814 -88018 -80952 -80399 -79876 -78981 -76609 -72206 -62364 -61729 -47071 -43666 -37667 -37349 -33201 -29249 -21959 -16530 -14209 14091 20671 20949 24209 33677 34431 34520 36414 37957 52208 56279 59364 61882 64727 66458 69699 74427 74758 78626 82769 90566 94106

22
98597 90850 87907 73111 72093 64548 49542 48846 37506 36155 -9208 -10742 -25977 -26102 -31393 -32574 -50376 -53001 -63806 -70541 -71640 -98470

29
82984 -39202 53508 -97902 -15050 -29711 -14246 -66173 -48741 -25397 16618 -75316 -32204 50420 71072 -50144 -68229 -94634 23988 -39479 81387 -12230 -89340 -72710 1854 99669 83863 -52982 -3910

7
80929 -1982 -11352 -65906 -74424 -78065 -99648
