7

10
13600 0.1
4100 0.2
6100 0.4
5200 0.5
1900 0.6
7000 0.5
10700 0.3
3900 0.3
11000 0.9
6700 0.7
20
6147 6917 6289 7149 6555 361 4403 8000 1832 3104 3194 2213 8474 8747 5719 614 8475 9548 9977 2989 

50
7800 0.2
7000 0.7
6200 0.4
5500 0.3
5100 0.4
6300 0.4
1700 0.5
8400 0.8
7200 0.5
3900 0.1
7200 1.0
6000 0.9
7600 0.6
9100 0.6
1600 0.4
7500 1.0
6300 0.4
1500 0.8
7100 0.9
4500 0.8
7400 0.7
7700 1.0
7500 0.2
4200 0.7
2900 0.2
9800 0.2
9000 0.9
2700 0.2
1500 0.8
6800 0.7
3500 0.7
7600 0.1
5400 0.4
3800 0.9
2900 0.6
4000 0.3
8700 0.4
8800 0.4
2500 0.4
3800 1.0
8000 0.9
7400 0.1
6500 1.0
5400 0.8
8600 0.6
5100 0.9
2800 0.7
7500 0.1
6200 1.0
9200 0.8
50
1860 961 4595 2464 1327 8217 4340 8165 2898 5379 4421 1060 2487 7891 1785 6736 9006 5432 768 2986 9660 8489 8597 6597 7862 1527 9017 2649 3936 843 6306 2252 974 4062 7927 1790 9533 707 2306 6424 1232 2711 703 3574 7788 8136 7866 2038 1724 2240 

2
342800 1.2
930800 2.5
50
18463 74758 96559 67821 15825 25868 43833 23750 31347 32955 70854 43782 84062 88442 15272 95540 68973 15612 28904 97040 20456 59281 74725 6448 53125 50295 58370 28260 34724 17343 37113 52516 73384 55439 93728 20998 77623 17478 68198 89771 30144 14730 9131 80826 47641 72535 95569 10239 3388 58217 

5
50800 1.0
146900 1.0
17500 1.0
115300 1.0
135800 1.0
20
1603 38107 91048 62333 50951 35601 29320 34727 95138 77621 5136 47879 69278 7742 65257 61900 70030 34834 97406 25673 

3
27400 0.6
15900 0.7
11100 0.2
100
465 339 619 809 568 334 916 930 539 754 889 998 955 427 600 989 324 504 443 864 638 912 925 663 322 675 433 711 796 581 833 554 951 531 567 505 979 662 465 835 574 939 599 667 516 311 436 322 497 934 593 710 358 398 393 834 584 477 621 715 453 852 774 428 673 488 601 514 460 598 590 444 809 380 671 558 307 559 527 510 355 405 475 452 451 802 663 442 339 681 538 585 862 807 382 654 874 389 868 497 

10
8100 7.2
92600 9.3
7800 0.1
48100 8.4
71700 9.5
69400 7.0
16300 4.4
7000 9.9
96800 1.6
54500 8.2
12
6639 8192 3001 7690 8262 5404 8793 7959 8977 3300 5319 6143 

10
63900 1.2
45900 5.3
40400 0.8
21000 4.8
23200 5.8
22800 0.1
51300 0.5
8600 1.2
67900 3.9
50900 6.9
50
8821 9469 6627 5448 9143 8253 5851 7126 6549 3918 3248 4036 6715 7778 7362 8845 5324 9683 8423 6833 6204 7814 9999 4808 9281 6535 8889 4744 8838 4096 6096 8245 8471 3202 6431 8432 9659 7888 6406 3409 8552 9223 3779 8168 3267 5282 5368 3113 5216 8952 