10

19
98637 -98585 89854 -97710 60991 -81930 58979 -53014 57910 -45647 45050 -45203 24722 -32929 -1637 -21123 -17962 -21066 -20521

9
72198 -80888 43276 -56070 39265 -43303 20991 -28664 20012

32
93235 -94815 83053 -86587 82551 -85159 79848 -84510 77956 -82392 65591 -73123 53341 -69934 41591 -68418 38280 -64382 27063 -57747 26857 -54439 23288 -53703 5817 -45317 4929 -41731 -13628 -39580 -22572 -29728

4
93773 -93143 60584 -38204

10
56416 -81505 31025 -53707 27076 -41365 18388 -28461 -13691 -24149

14
92801 -69020 88759 -66670 74152 -49139 62261 -43428 41078 -20670 39914 -18067 19786 -2004

43
94106 -97796 90566 -93515 82769 -91814 78626 -88018 74758 -80952 74427 -80399 69699 -79876 66458 -78981 64727 -76609 61882 -72206 59364 -62364 56279 -61729 52208 -47071 37957 -43666 36414 -37667 34520 -37349 34431 -33201 33677 -29249 24209 -21959 20949 -16530 20671 -14209 14091

22
98597 -98470 90850 -71640 87907 -70541 73111 -63806 72093 -53001 64548 -50376 49542 -32574 48846 -31393 37506 -26102 36155 -25977 -9208 -10742

29
99669 -97902 83863 -94634 82984 -89340 81387 -75316 71072 -72710 53508 -68229 50420 -66173 23988 -52982 16618 -50144 1854 -48741 -3910 -39479 -12230 -39202 -14246 -32204 -15050 -29711 -25397

7
80929 -99648 -1982 -78065 -11352 -74424 -65906
